40.0 41.27006921299755
40.1 42.54226543291644
40.2 43.81671587937852
40.3 45.09354799742858
40.4 46.3728894702784
40.5 47.654868232075245
40.6 48.93961248069527
40.7 50.227250690563366
40.8 51.51791162550049
40.9 52.8117243516002
41.0 54.10881825013502
41.1 55.40932303049486
41.2 56.71336874315776
41.3 58.021085792694905
41.4 59.33260495081141
41.5 60.64805736942296
41.6 61.96757459377142
41.7 63.291288575579316
41.8 64.61933168624469
41.9 65.95183673007872
42.0 67.28893695758569
42.1 68.63076607878843
42.2 69.9774582765991
42.3 71.32914822023737
42.4 72.68597107869766
42.5 74.04806253426587
42.6 75.41555879608742
42.7 76.7885966137886
42.8 78.1673132911512
42.9 79.55184669984286
43.0 80.94233529320448
43.1 82.33891812009546
43.2 83.74173483879837
43.3 85.1509257309852
43.4 86.56663171574516
43.5 87.98899436367662
43.6 89.41815591104444
43.7 90.85425927400337
43.8 92.29744806288966
43.9 93.74786659658236
44.0 95.20565991693456
44.1 96.6709738032785
44.2 98.1439547870028
44.3 99.6247501662057
44.4 101.11350802042529
44.5 102.6103772254468
44.6 104.11550746819098
44.7 105.62904926168187
44.8 107.15115396009898
44.9 108.68197377391206
45.0 110.22166178510257
45.1 111.77037196247153
45.2 113.32825917703671
45.3 114.89547921751961
45.4 116.47218880592419
45.5 118.05854561320943
45.6 119.65470827505601
45.7 121.26083640773001
45.8 122.87709062404483
45.9 124.50363254942201
46.0 126.14062483805415
46.1 127.78823118917006
46.2 129.44661636340487
46.3 131.11594619927604
46.4 132.79638762976708
46.5 134.4881086990211
46.6 136.191278579145
46.7 137.9060675871269
46.8 139.63264720186737
46.9 141.37119008132802
47.0 143.1218700797968
47.1 144.88486226527365
47.2 146.66034293697697
47.3 148.4484896429739
47.4 150.24948119793515
47.5 152.06349770101616
47.6 153.89072055386725
47.7 155.73133247877374
47.8 157.58551753692814
47.9 159.45346114683605
48.0 161.33535010285874
48.1 163.23137259389173
48.2 165.141718222184
48.3 167.0665780222985
48.4 169.00614448021526
48.5 170.96061155258002
48.6 172.93017468609997
48.7 174.9150308370886
48.8 176.91537849116082
48.9 178.93141768308215
49.0 180.96335001677184
49.1 183.0113786854631
49.2 185.0757084920229
49.3 187.15654586943188
49.4 189.2540989014278
49.5 191.36857734331383
49.6 193.50019264293417
49.7 195.64915796181882
49.8 197.8156881964996
