0.0 41.27006921299755 39.99999999999999
0.1 42.54226543291644 41.27006715920576
0.2 43.81671587937852 42.54226134285259
0.30000000000000004 45.09354799742858 43.816709771418985
0.4 46.3728894702784 45.09353989080982
0.5 47.654868232075245 46.37287938510111
0.6000000000000001 48.93961248069527 47.65485618930838
0.7000000000000001 50.227250690563366 48.93959850218037
0.8 51.51791162550049 50.22723479901898
0.9 52.8117243516002 51.517893844526945
1.0 54.10881825013502 52.81170470568437
1.1 55.40932303049486 54.10879676465552
1.2000000000000002 56.71336874315776 55.40929973172725
1.3 58.021085792694905 56.713343658279996
1.4000000000000001 59.33260495081141 58.021058949793115
1.5 60.64805736942296 59.33257637888555
1.6 61.96757459377142 60.64802709839312
1.7000000000000002 63.291288575579316 61.96754265448401
1.8 64.61933168624469 63.29125499981339
1.9000000000000001 65.95183673007872 64.61929650671894
2.0 67.28893695758569 65.95179998045802
2.1 68.63076607878843 67.28889867248844
2.2 69.9774582765991 68.63072629379367
2.3000000000000003 71.32914822023737 69.97741702825402
2.4000000000000004 72.68597107869766 71.32910554606518
2.5 74.04806253426587 72.68592701720533
2.6 75.41555879608742 74.0480171249523
2.7 76.7885966137886 75.41551207945191
2.8000000000000003 78.1673132911512 76.78854863133924
2.9000000000000004 79.55184669984286 78.16726408541362
3.0 80.94233529320448 79.55179631436945
3.1 82.33891812009546 80.94228377258338
3.2 83.74173483879837 82.33886550995997
3.3000000000000003 85.1509257309852 83.74168118583677
3.4000000000000004 86.56663171574516 85.15087108295043
3.5 87.98899436367662 86.56657612146492
3.6 89.41815591104444 87.98893787306389
3.7 90.85425927400337 89.41809857510783
3.8000000000000003 92.29744806288966 90.85420114485788
3.9000000000000004 93.74786659658236 92.29738919376777
4.0 95.20565991693456 93.74780704184508
4.1000000000000005 96.6709738032785 95.20559973208327
4.2 98.1439547870028 96.67091304496621
4.3 99.6247501662057 98.1438935130463
4.4 101.11350802042529 99.62468843559782
4.5 102.6103772254468 101.113445893347
4.6000000000000005 104.11550746819098 102.6103147632803
4.7 105.62904926168187 104.11544473353209
4.800000000000001 107.15115396009898 105.62898631835368
4.9 108.68197377391206 107.15109087316483
5.0 110.22166178510257 108.68191060968942
5.1000000000000005 111.77037196247153 110.22159861117684
5.2 113.32825917703671 111.77030884771028
5.300000000000001 114.89547921751961 113.32819619160402
5.4 116.47218880592419 114.89541643289067
5.5 118.05854561320943 116.47212629490038
5.6000000000000005 119.65470827505601 118.05848344993329
5.7 121.26083640773001 119.65464653502687
5.800000000000001 122.87709062404483 121.26077516781977
5.9 124.50363254942201 122.87702996251372
6.0 126.14062483805415 124.50357254593507
6.1000000000000005 127.78823118917006 126.14056557369759
6.2 129.44661636340487 127.78817274646825
6.300000000000001 131.11594619927604 129.44655882633737
6.4 132.79638762976708 131.11588965329486
6.5 134.4881086990211 132.79633216181455
6.6000000000000005 136.191278579145 134.4880543975477
6.7 137.9060675871269 136.19122553412762
6.800000000000001 139.63264720186737 137.9060158900873
6.9 141.37119008132802 139.63259694589135
7.0 143.1218700797968 141.3711413610841
7.1000000000000005 144.88486226527365 143.12182299155594
7.2 146.66034293697697 144.88481690692885
7.300000000000001 148.4484896429739 146.66029940806345
7.4 150.24948119793515 148.44844804468943
7.5 152.06349770101616 150.24944163316061
7.6000000000000005 153.89072055386725 152.0634602743367
7.7 155.73133247877374 153.89068537159346
7.800000000000001 157.58551753692814 155.73129964896333
7.9 159.45346114683605 157.58548716940786
8.0 161.33535010285874 159.4534333532243
8.1 163.23137259389173 161.33532499658767
8.200000000000001 165.141718222184 163.23135029023052
8.3 167.0665780222985 165.14169883826222
8.4 169.00614448021526 167.06656167712958
8.5 170.96061155258002 169.00613129472055
8.6 172.93017468609997 170.96060164961312
8.700000000000001 174.9150308370886 172.93016819047165
8.8 176.91537849116082 174.91502787559142
8.9 178.93141768308215 176.91537919259505
9.0 180.96335001677184 178.93142217828117
9.1 183.0113786854631 180.96335843862843
9.200000000000001 185.0757084920229 183.01139116895612
9.3 187.15654586943188 185.075725174244
9.4 189.2540989014278 187.15656688961286
9.5 191.36857734331383 189.2541244009683
9.600000000000001 193.50019264293417 191.36860746580942
9.700000000000001 195.64915796181882 193.50022753420475
9.8 197.8156881964996 195.64919776993747
